['git reset --hard', 'make clean', 'make', './debug/main', './debug/main', './debug/main', './debug/main', './debug/main', './debug/main', './debug/main', './debug/main']
1 1 1 1 0 1 1
1
------------------------------------------------------------
1 0 1 1 0 0 1
0
------------------------------------------------------------
1 0 1 1 0 0 0
1
------------------------------------------------------------
1 0 0 0 0 1 1
1
------------------------------------------------------------
1 1 0 1 0 1 0
1
------------------------------------------------------------
0 0 1 0 1 0 0
1
------------------------------------------------------------
0 1 0 0 0 1 0
0
------------------------------------------------------------
1 1 0 0 0 0 1
0
------------------------------------------------------------
1 1 0 1 0 1 1
0
------------------------------------------------------------
0 1 1 1 1 1 0
0
------------------------------------------------------------
0 0 0 0 0 1 1
1
------------------------------------------------------------
1 1 0 0 1 0 0
0
------------------------------------------------------------
1 1 1 0 1 0 0
1
------------------------------------------------------------
1 1 1 1 0 0 1
1
------------------------------------------------------------
1 0 0 1 1 1 0
1
------------------------------------------------------------
0 1 0 1 1 1 1
1
------------------------------------------------------------
1 0 1 0 1 1 0
0
------------------------------------------------------------
1 0 1 1 0 1 0
1
------------------------------------------------------------
0 0 1 1 1 1 0
0
------------------------------------------------------------
0 0 0 1 1 1 0
0
------------------------------------------------------------
