['make clean', 'g++ ./src/main.cpp -o ./debug/main.o -c', 'g++ ./debug/main.o -o ./debug/main', './debug/main', './debug/main', './debug/main', './debug/main', './debug/main', './debug/main', './debug/main', 'g++ ./src/main.cpp -o ./debug/main.o -c', 'g++ ./debug/main.o -o ./debug/main', './debug/main', './debug/main', './debug/main', './debug/main', './debug/main', './debug/main', './debug/main']
0 1 0 0 0 1 0
0 0 1 0 1 0 1
------------------------------------------------------------
0 0 0 1 0 0 0
1 0 1 1 0 0 0
------------------------------------------------------------
1 1 0 1 0 0 0
0 0 1 1 0 1 0
------------------------------------------------------------
1 0 0 1 0 1 1
1 1 1 0 1 1 0
------------------------------------------------------------
0 0 0 0 0 1 0
0 0 1 1 1 0 0
------------------------------------------------------------
0 0 1 1 1 1 0
0 0 0 1 1 0 1
------------------------------------------------------------
1 0 0 0 0 0 1
0 0 1 0 0 1 0
------------------------------------------------------------
0 0 0 0 0 1 1
0 1 0 0 1 1 1
------------------------------------------------------------
0 1 0 1 1 0 0
1 0 1 0 1 0 1
------------------------------------------------------------
1 0 0 0 1 0 1
1 0 0 0 1 1 1
------------------------------------------------------------
0 0 0 0 1 0 1
1 0 1 1 0 0 1
------------------------------------------------------------
0 1 0 0 1 1 0
1 1 1 0 0 1 1
------------------------------------------------------------
1 1 0 1 0 1 1
1 1 1 0 1 1 1
------------------------------------------------------------
1 1 1 1 0 0 0
0 1 0 1 0 0 0
------------------------------------------------------------
1 1 0 0 0 1 0
1 1 0 0 1 1 1
------------------------------------------------------------
0 0 1 1 0 1 0
0 1 1 1 1 1 0
------------------------------------------------------------
1 0 0 1 1 1 0
0 0 1 1 0 0 1
------------------------------------------------------------
1 1 1 0 1 0 1
1 1 0 1 1 1 1
------------------------------------------------------------
1 1 1 1 1 1 1
0 1 0 1 1 0 1
------------------------------------------------------------
0 1 0 0 0 0 0
0 0 0 0 1 1 0
------------------------------------------------------------
