['make clean', 'g++-12 ./src/main.cpp -o ./debug/main', './debug/main', './debug/main', './debug/main', './debug/main', './debug/main', './debug/main', './debug/main', 'g++-12 ./src/main.cpp -o ./debug/main', './debug/main', './debug/main', './debug/main', './debug/main', './debug/main', './debug/main', './debug/main']
1 1 1 1 1 0 0
1 1 1 1 0 0 0
------------------------------------------------------------
0 1 0 0 0 1 0
0 0 0 1 0 0 1
------------------------------------------------------------
0 1 1 0 0 0 1
0 0 1 0 1 1 1
------------------------------------------------------------
0 1 0 1 1 1 0
1 0 0 0 1 0 0
------------------------------------------------------------
1 0 1 0 1 1 0
1 0 0 0 1 0 0
------------------------------------------------------------
1 1 1 1 0 1 1
1 0 0 1 1 0 1
------------------------------------------------------------
1 0 1 1 0 0 0
0 1 0 1 1 1 1
------------------------------------------------------------
1 1 1 1 1 0 1
0 1 1 1 0 0 1
------------------------------------------------------------
0 1 1 0 1 1 0
0 0 1 1 0 1 0
------------------------------------------------------------
1 0 1 0 0 0 0
0 1 0 1 1 0 0
------------------------------------------------------------
1 1 0 1 0 1 1
1 1 0 0 0 0 0
------------------------------------------------------------
1 0 0 0 1 1 1
1 1 0 0 1 1 1
------------------------------------------------------------
1 1 1 0 1 1 1
1 0 1 0 0 1 1
------------------------------------------------------------
1 0 0 0 1 1 0
0 1 0 0 1 0 0
------------------------------------------------------------
0 1 0 1 1 0 0
1 1 0 1 1 0 0
------------------------------------------------------------
0 1 1 0 0 1 1
1 0 0 1 0 0 1
------------------------------------------------------------
0 0 1 1 0 0 0
0 0 1 0 0 0 0
------------------------------------------------------------
1 0 1 0 1 0 0
1 0 0 0 0 0 0
------------------------------------------------------------
1 1 1 1 0 1 1
1 1 0 1 0 1 0
------------------------------------------------------------
0 1 1 0 1 1 0
1 0 1 1 1 1 1
------------------------------------------------------------
