['git reset --hard', 'make clean', 'make', './debug/main', 'make', './debug/main', 'make', './debug/main', 'make', './debug/main', 'make', './debug/main', 'make', './debug/main', 'make', './debug/main']
0 1 1 0 1 1 1

------------------------------------------------------------
0 0 0 1 1 0 1

------------------------------------------------------------
0 1 0 1 1 1 0

------------------------------------------------------------
0 0 1 1 0 1 1

------------------------------------------------------------
0 1 0 0 1 1 1

------------------------------------------------------------
0 0 1 0 0 0 0

------------------------------------------------------------
0 1 0 0 0 0 0

------------------------------------------------------------
1 0 0 1 0 1 0

------------------------------------------------------------
0 1 1 1 0 0 0

------------------------------------------------------------
1 0 1 0 1 0 0

------------------------------------------------------------
1 0 1 1 0 1 1

------------------------------------------------------------
1 1 0 1 0 1 1

------------------------------------------------------------
0 1 0 1 0 1 1

------------------------------------------------------------
1 1 1 0 1 1 1

------------------------------------------------------------
1 1 1 1 1 1 1

------------------------------------------------------------
1 0 0 1 1 0 1

------------------------------------------------------------
0 0 0 1 1 1 1

------------------------------------------------------------
1 1 1 0 0 0 1

------------------------------------------------------------
1 1 0 0 0 1 0

------------------------------------------------------------
1 0 0 0 1 0 1

------------------------------------------------------------
